# Made by Pabilo8 in Blockbench 4.2.5
mtllib repair_crate.mtl

o main
v 1 0.25 0.75
v 1 0.25 0.25
v 1 0 0.75
v 1 0 0.25
v 0 0.25 0.75
v 0 0.25 0.25
v 0 0 0.75
v 0 0 0.25
v 1 0.5 0.75
v 1 0.5 0.25
v 0.9375 0.5 0.75
v 0.9375 0.5 0.25
v 0.0625 0.5 0.75
v 0.0625 0.5 0.25
v 0 0.5 0.75
v 0 0.5 0.25
v 0.9375 0.5 0.3125
v 0.9375 0.25 0.3125
v 0.0625 0.5 0.3125
v 0.0625 0.25 0.3125
v 0.9375 0.5 0.6875
v 0.9375 0.25 0.6875
v 0.0625 0.5 0.6875
v 0.0625 0.25 0.6875
v 0.6875 0.375 0.71875
v 0.6875 0.375 0.78125
v 0.6875 0.3125 0.78125
v 0.3125 0.375 0.71875
v 0.3125 0.375 0.78125
v 0.3125 0.3125 0.78125
v 0.6875 0.25 0.71875
v 0.6875 0.25 0.78125
v 0.625 0.3125 0.71875
v 0.625 0.3125 0.78125
v 0.625 0.25 0.71875
v 0.625 0.25 0.78125
v 0.625 0.1875 0.71875
v 0.625 0.1875 0.78125
v 0.3125 0.25 0.71875
v 0.3125 0.25 0.78125
v 0.375 0.1875 0.71875
v 0.375 0.1875 0.78125
v 0.375 0.3125 0.71875
v 0.375 0.3125 0.78125
v 0.375 0.25 0.71875
v 0.375 0.25 0.78125
v 0.6875 0.375 0.28125
v 0.6875 0.375 0.21875
v 0.6875 0.3125 0.21875
v 0.3125 0.375 0.28125
v 0.3125 0.375 0.21875
v 0.3125 0.3125 0.21875
v 0.6875 0.25 0.28125
v 0.6875 0.25 0.21875
v 0.625 0.3125 0.28125
v 0.625 0.3125 0.21875
v 0.625 0.25 0.28125
v 0.625 0.25 0.21875
v 0.625 0.1875 0.28125
v 0.625 0.1875 0.21875
v 0.3125 0.25 0.28125
v 0.3125 0.25 0.21875
v 0.375 0.1875 0.28125
v 0.375 0.1875 0.21875
v 0.375 0.3125 0.28125
v 0.375 0.3125 0.21875
v 0.375 0.25 0.28125
v 0.375 0.25 0.21875
v -0.03125 0.53125 0.6875
v -0.03125 0.53125 0.5625
v -0.03125 0.46875 0.6875
v -0.03125 0.46875 0.5625
v 0.03125 0.53125 0.6875
v 0.03125 0.53125 0.5625
v 0.03125 0.46875 0.6875
v 0.03125 0.46875 0.5625
v -0.03125 0.53125 0.4375
v -0.03125 0.53125 0.3125
v -0.03125 0.46875 0.4375
v -0.03125 0.46875 0.3125
v 0.03125 0.53125 0.4375
v 0.03125 0.53125 0.3125
v 0.03125 0.46875 0.4375
v 0.03125 0.46875 0.3125
v 0.8746266251978971 0.5097506045730358 0.6962091791208295
v 0.8746266251978971 0.520645072416493 0.5716848418593612
v 0.8746266251978971 0.19843976141936528 0.6689730095121863
v 0.8746266251978971 0.20933422926282255 0.544448672250718
v 0.49962662519789713 0.5097506045730358 0.6962091791208295
v 0.49962662519789713 0.520645072416493 0.5716848418593612
v 0.49962662519789713 0.19843976141936528 0.6689730095121863
v 0.49962662519789713 0.20933422926282255 0.544448672250718
v 0.9375 0.49938720591727886 0.5705137149842917
v 0.9375 0.47759827023036433 0.3214650404613553
v 0.78125 0.22978410727264736 0.5941009297671584
v 0.78125 0.20799517158573283 0.345052255244222
v 0.8833734122634725 0.530518290232646 0.5677900980234274
v 0.8833734122634725 0.5087293545457314 0.318741423500491
v 0.7271234122634725 0.2609151915880144 0.591377312806294
v 0.7271234122634725 0.23912625590109987 0.3423286382833577
v 0.8659974741328129 0.4875706838884349 0.5733944678434573
v 0.8659974741328129 0.4875706838884349 0.32339446784345727
v 0.6757595275675877 0.23964776504742386 0.5733944678434573
v 0.6757595275675877 0.23964776504742386 0.32339446784345727
v 0.8164128903646107 0.5256182732014799 0.5733944678434573
v 0.8164128903646107 0.5256182732014799 0.32339446784345727
v 0.6261749437993855 0.2776953543604689 0.5733944678434573
v 0.6261749437993855 0.2776953543604689 0.32339446784345727
v 0.7675096462255009 0.5051360295829407 0.5633543207873833
v 0.7675096462255009 0.47250448152792784 0.3154931054439307
v 0.6232132045895529 0.23031655066498755 0.5995349915725985
v 0.6232132045895529 0.19768500260997465 0.3516737762291459
v 0.712071469151862 0.5337484226978381 0.5595874277718547
v 0.712071469151862 0.5011168746428252 0.3117262124284021
v 0.5677750275159139 0.25892894377988485 0.5957680985570699
v 0.5677750275159139 0.22629739572487198 0.3479068832136173
v 0.6888273874498363 0.45870952600838727 0.5751739318878074
v 0.6888273874498363 0.46961437284972124 0.325411876492343
v 0.5095847510901343 0.20296815317961836 0.5640080224093861
v 0.5095847510901343 0.2138730000209524 0.3142459670139216
v 0.6376303846817742 0.494523933425748 0.576737622685359
v 0.6376303846817742 0.505428780267082 0.3269755672898945
v 0.4583877483220724 0.23878256059697914 0.5655717132069377
v 0.4583877483220724 0.24968740743831316 0.3158096578114732
vt 1 0.5
vt 1 0.75
vt 0.5 0.75
vt 0.5 0.5
vt 1 0.03125
vt 1 0.28125
vt 0.5 0.28125
vt 0.5 0.03125
vt 0.25 0.5
vt 0 0.5
vt 0 0.46875
vt 0.25 0.46875
vt 0.25 0.5
vt 0 0.5
vt 0 0.46875
vt 0.25 0.46875
vt 0.46875 0.71875
vt 0.46875 0.75
vt 0.03125 0.75
vt 0.03125 0.71875
vt 0.5625 0.375
vt 0.5625 0.5
vt 1 0.5
vt 1 0.375
vt 0.46875 0.71875
vt 0.46875 0.75
vt 0.03125 0.75
vt 0.03125 0.71875
vt 1 0.375
vt 1 0.5
vt 0.5625 0.5
vt 0.5625 0.375
vt 0.875 0.375
vt 0.875 0.5
vt 0.6875 0.5
vt 0.6875 0.375
vt 0.6875 0.5
vt 0.875 0.5
vt 0.875 0.375
vt 0.6875 0.375
vt 0 0.25
vt 0.25 0.25
vt 0.25 0.5
vt 0 0.5
vt 0 0.75
vt 0.5 0.75
vt 0.5 0.5
vt 0 0.5
vt 0 0.25
vt 0.25 0.25
vt 0.25 0.5
vt 0 0.5
vt 0 0.75
vt 0.5 0.75
vt 0.5 0.5
vt 0 0.5
vt 0.5 0.28125
vt 0.3125 0.28125
vt 0.3125 0.25
vt 0.5 0.25
vt 0.3125 0.28125
vt 0.5 0.28125
vt 0.5 0.25
vt 0.3125 0.25
vt 0.3125 0.25
vt 0.34375 0.25
vt 0.34375 0.21875
vt 0.3125 0.21875
vt 0.3125 0.25
vt 0.34375 0.25
vt 0.34375 0.21875
vt 0.3125 0.21875
vt 0.3125 0.1875
vt 0.3125 0.21875
vt 0.34375 0.21875
vt 0.34375 0.1875
vt 0.46875 0.21875
vt 0.5 0.21875
vt 0.5 0.1875
vt 0.46875 0.1875
vt 0.46875 0.21875
vt 0.34375 0.21875
vt 0.34375 0.1875
vt 0.46875 0.1875
vt 0.34375 0.1875
vt 0.3125 0.21875
vt 0.5 0.21875
vt 0.46875 0.1875
vt 0.46875 0.25
vt 0.5 0.25
vt 0.5 0.21875
vt 0.46875 0.21875
vt 0.46875 0.25
vt 0.5 0.25
vt 0.5 0.21875
vt 0.46875 0.21875
vt 0.34375 0.21875
vt 0.3125 0.21875
vt 0.3125 0.28125
vt 0.34375 0.28125
vt 0.5 0.28125
vt 0.5 0.21875
vt 0.46875 0.21875
vt 0.46875 0.28125
vt 0.34375 0.28125
vt 0.46875 0.28125
vt 0.46875 0.25
vt 0.34375 0.25
vt 0.34375 0.21875
vt 0.34375 0.1875
vt 0.46875 0.1875
vt 0.46875 0.21875
vt 0.3125 0.25
vt 0.3125 0.28125
vt 0.5 0.28125
vt 0.5 0.25
vt 0.5 0.25
vt 0.5 0.28125
vt 0.3125 0.28125
vt 0.3125 0.25
vt 0.34375 0.21875
vt 0.34375 0.25
vt 0.3125 0.25
vt 0.3125 0.21875
vt 0.34375 0.21875
vt 0.34375 0.25
vt 0.3125 0.25
vt 0.3125 0.21875
vt 0.34375 0.21875
vt 0.3125 0.21875
vt 0.3125 0.1875
vt 0.34375 0.1875
vt 0.5 0.1875
vt 0.5 0.21875
vt 0.46875 0.21875
vt 0.46875 0.1875
vt 0.34375 0.1875
vt 0.34375 0.21875
vt 0.46875 0.21875
vt 0.46875 0.1875
vt 0.5 0.21875
vt 0.3125 0.21875
vt 0.34375 0.1875
vt 0.46875 0.1875
vt 0.5 0.21875
vt 0.5 0.25
vt 0.46875 0.25
vt 0.46875 0.21875
vt 0.5 0.21875
vt 0.5 0.25
vt 0.46875 0.25
vt 0.46875 0.21875
vt 0.3125 0.28125
vt 0.3125 0.21875
vt 0.34375 0.21875
vt 0.34375 0.28125
vt 0.46875 0.21875
vt 0.5 0.21875
vt 0.5 0.28125
vt 0.46875 0.28125
vt 0.46875 0.25
vt 0.46875 0.28125
vt 0.34375 0.28125
vt 0.34375 0.25
vt 0.46875 0.1875
vt 0.34375 0.1875
vt 0.34375 0.21875
vt 0.46875 0.21875
vt 0.4375 0.1875
vt 0.5 0.1875
vt 0.5 0.15625
vt 0.4375 0.15625
vt 0.5 0.1875
vt 0.4375 0.1875
vt 0.4375 0.15625
vt 0.5 0.15625
vt 0.5 0.15625
vt 0.5 0.1875
vt 0.4375 0.1875
vt 0.4375 0.15625
vt 0.4375 0.15625
vt 0.4375 0.1875
vt 0.5 0.1875
vt 0.5 0.15625
vt 0.4375 0.1875
vt 0.46875 0.1875
vt 0.46875 0.15625
vt 0.4375 0.15625
vt 0.46875 0.1875
vt 0.5 0.1875
vt 0.5 0.15625
vt 0.46875 0.15625
vt 0.375 0.1875
vt 0.4375 0.1875
vt 0.4375 0.15625
vt 0.375 0.15625
vt 0.4375 0.1875
vt 0.375 0.1875
vt 0.375 0.15625
vt 0.4375 0.15625
vt 0.4375 0.15625
vt 0.4375 0.1875
vt 0.375 0.1875
vt 0.375 0.15625
vt 0.375 0.15625
vt 0.375 0.1875
vt 0.4375 0.1875
vt 0.4375 0.15625
vt 0.375 0.1875
vt 0.40625 0.1875
vt 0.40625 0.15625
vt 0.375 0.15625
vt 0.40625 0.1875
vt 0.4375 0.1875
vt 0.4375 0.15625
vt 0.40625 0.15625
vt 0.0625 0
vt 0.0625 0.15625
vt 0 0.15625
vt 0 0
vt 0.25 0
vt 0.25 0.15625
vt 0.1875 0.15625
vt 0.1875 0
vt 0.21875 0.1875
vt 0.21875 0.125
vt 0.03125 0.125
vt 0.03125 0.1875
vt 0.21875 0
vt 0.21875 0.15625
vt 0.03125 0.15625
vt 0.03125 0
vt 0.375 0
vt 0.375 0.15625
vt 0.25 0.15625
vt 0.25 0
vt 0.375 0
vt 0.375 0.15625
vt 0.25 0.15625
vt 0.25 0
vt 0.375 0.15625
vt 0.25 0.15625
vt 0.25 0.125
vt 0.375 0.125
vt 0.375 0
vt 0.375 0.15625
vt 0.34375 0.15625
vt 0.34375 0
vt 0.28125 0
vt 0.28125 0.15625
vt 0.25 0.15625
vt 0.25 0
vt 0.5 0
vt 0.5 0.15625
vt 0.375 0.15625
vt 0.375 0
vt 0.5 0
vt 0.5 0.15625
vt 0.375 0.15625
vt 0.375 0
vt 0.5 0.15625
vt 0.375 0.15625
vt 0.375 0.125
vt 0.5 0.125
vt 0.5 0
vt 0.5 0.15625
vt 0.46875 0.15625
vt 0.46875 0
vt 0.40625 0
vt 0.40625 0.15625
vt 0.375 0.15625
vt 0.375 0
vt 0.5 0
vt 0.5 0.15625
vt 0.375 0.15625
vt 0.375 0
vt 0.5 0
vt 0.5 0.15625
vt 0.375 0.15625
vt 0.375 0
vt 0.5 0.15625
vt 0.375 0.15625
vt 0.375 0.125
vt 0.5 0.125
vt 0.5 0
vt 0.5 0.15625
vt 0.46875 0.15625
vt 0.46875 0
vt 0.40625 0
vt 0.40625 0.15625
vt 0.375 0.15625
vt 0.375 0
vt 0.375 0
vt 0.375 0.15625
vt 0.25 0.15625
vt 0.25 0
vt 0.375 0
vt 0.375 0.15625
vt 0.25 0.15625
vt 0.25 0
vt 0.375 0.15625
vt 0.25 0.15625
vt 0.25 0.125
vt 0.375 0.125
vt 0.375 0
vt 0.375 0.15625
vt 0.34375 0.15625
vt 0.34375 0
vt 0.28125 0
vt 0.28125 0.15625
vt 0.25 0.15625
vt 0.25 0
vn 0 1 0
vn 0 -1 0
vn 0 1 0
vn 0 1 0
vn 0 1 0
vn 0 0 1
vn 0 1 0
vn 0 0 -1
vn -1 0 0
vn 1 0 0
vn 1 0 0
vn 0 0 -1
vn -1 0 0
vn 0 0 1
vn 0 1 0
vn 0 0 1
vn -1 0 0
vn 0 0 1
vn 0.7071067811865476 -0.7071067811865476 0
vn -0.7071067811865476 -0.7071067811865476 0
vn 0 -1 0
vn 0 0 1
vn 1 0 0
vn 0 0 1
vn 1 0 0
vn -1 0 0
vn 0 -1 0
vn 0 1 0
vn 0 1 0
vn 0 0 -1
vn -1 0 0
vn 0 0 -1
vn 0.7071067811865476 -0.7071067811865476 0
vn -0.7071067811865476 -0.7071067811865476 0
vn 0 -1 0
vn 0 0 -1
vn 1 0 0
vn 0 0 -1
vn 1 0 0
vn -1 0 0
vn 0 -1 0
vn 0 1 0
vn -1 0 0
vn 1 0 0
vn 0 1 0
vn 0 -1 0
vn 0 0 1
vn 0 0 -1
vn -1 0 0
vn 1 0 0
vn 0 1 0
vn 0 -1 0
vn 0 0 1
vn 0 0 -1
vn 1 0 0
vn -1 0 0
vn 0 0.9961946980917457 0.08715574274765808
vn 0 0.08715574274765814 -0.9961946980917457
vn 0.8660254037844388 -0.4980973490458729 0.043577871373829076
vn -0.8660254037844387 0.4980973490458728 -0.04357787137382907
vn 0.5000000000000003 0.8627299156628208 -0.07547908730517329
vn 1.7763568394002488e-16 0.08715574274765833 0.9961946980917455
vn -8.881784197001244e-17 -0.0871557427476582 -0.9961946980917455
vn 0.7933533402912353 -0.6087614290087207 0
vn -0.7933533402912353 0.6087614290087207 0
vn 0.6087614290087207 0.7933533402912352 0
vn 0 0 1
vn 0 0 -1
vn 0.8870108331782219 -0.45779828983835713 0.06027028824845804
vn -0.8870108331782218 0.4577982898383574 -0.0602702882484583
vn 0.46174861323503386 0.8794223325374503 -0.11577814651268849
vn -6.217248937900876e-16 0.13052619222005166 0.9914448613738104
vn -1.7763568394002506e-16 -0.13052619222005143 -0.9914448613738106
vn 0.8191520442889919 -0.5730305186777724 -0.025019052760825222
vn -0.8191520442889919 0.5730305186777721 0.02501905276082539
vn 0.5735764363510462 0.8183723930520607 0.035730910330948315
vn 1.776356839400249e-16 -0.04361938736533595 0.9990482215818579
vn 5.551115123125778e-16 0.04361938736533543 -0.9990482215818579
usemtl m_0
f 1/1/1 2/2/1 6/3/1 5/4/1
f 4/5/2 3/6/2 7/7/2 8/8/2
f 9/9/3 10/10/3 12/11/3 11/12/3
f 13/13/4 14/14/4 16/15/4 15/16/4
f 17/17/5 12/18/5 14/19/5 19/20/5
f 18/21/6 17/22/6 19/23/6 20/24/6
f 11/25/7 21/26/7 23/27/7 13/28/7
f 24/29/8 23/30/8 21/31/8 22/32/8
f 22/33/9 21/34/9 17/35/9 18/36/9
f 19/37/10 23/38/10 24/39/10 20/40/10
f 3/41/11 4/42/11 10/43/11 9/44/11
f 16/45/12 10/46/12 4/47/12 8/48/12
f 8/49/13 7/50/13 15/51/13 16/52/13
f 9/53/14 15/54/14 7/55/14 3/56/14
f 29/57/15 26/58/15 25/59/15 28/60/15
f 26/61/16 29/62/16 30/63/16 27/64/16
f 34/65/17 33/66/17 35/67/17 36/68/17
f 27/69/18 34/70/18 36/71/18 32/72/18
f 37/73/19 31/74/19 32/75/19 38/76/19
f 40/77/20 39/78/20 41/79/20 42/80/20
f 41/81/21 37/82/21 38/83/21 42/84/21
f 38/85/22 32/86/22 40/87/22 42/88/22
f 43/89/23 44/90/23 46/91/23 45/92/23
f 44/93/24 30/94/24 40/95/24 46/96/24
f 32/97/25 31/98/25 25/99/25 26/100/25
f 28/101/26 39/102/26 40/103/26 29/104/26
f 43/105/27 33/106/27 34/107/27 44/108/27
f 36/109/28 35/110/28 45/111/28 46/112/28
f 47/113/29 48/114/29 51/115/29 50/116/29
f 52/117/30 51/118/30 48/119/30 49/120/30
f 57/121/31 55/122/31 56/123/31 58/124/31
f 58/125/32 56/126/32 49/127/32 54/128/32
f 54/129/33 53/130/33 59/131/33 60/132/33
f 63/133/34 61/134/34 62/135/34 64/136/34
f 60/137/35 59/138/35 63/139/35 64/140/35
f 62/141/36 54/142/36 60/143/36 64/144/36
f 68/145/37 66/146/37 65/147/37 67/148/37
f 62/149/38 52/150/38 66/151/38 68/152/38
f 47/153/39 53/154/39 54/155/39 48/156/39
f 62/157/40 61/158/40 50/159/40 51/160/40
f 56/161/41 55/162/41 65/163/41 66/164/41
f 67/165/42 57/166/42 58/167/42 68/168/42
f 69/169/43 70/170/43 72/171/43 71/172/43
f 74/173/44 73/174/44 75/175/44 76/176/44
f 74/177/45 70/178/45 69/179/45 73/180/45
f 75/181/46 71/182/46 72/183/46 76/184/46
f 73/185/47 69/186/47 71/187/47 75/188/47
f 70/189/48 74/190/48 76/191/48 72/192/48
f 77/193/49 78/194/49 80/195/49 79/196/49
f 82/197/50 81/198/50 83/199/50 84/200/50
f 82/201/51 78/202/51 77/203/51 81/204/51
f 83/205/52 79/206/52 80/207/52 84/208/52
f 81/209/53 77/210/53 79/211/53 83/212/53
f 78/213/54 82/214/54 84/215/54 80/216/54
f 88/217/55 86/218/55 85/219/55 87/220/55
f 91/221/56 89/222/56 90/223/56 92/224/56
f 85/225/57 86/226/57 90/227/57 89/228/57
f 92/229/58 90/230/58 86/231/58 88/232/58
f 96/233/59 94/234/59 93/235/59 95/236/59
f 99/237/60 97/238/60 98/239/60 100/240/60
f 93/241/61 94/242/61 98/243/61 97/244/61
f 95/245/62 93/246/62 97/247/62 99/248/62
f 100/249/63 98/250/63 94/251/63 96/252/63
f 104/253/64 102/254/64 101/255/64 103/256/64
f 107/257/65 105/258/65 106/259/65 108/260/65
f 101/261/66 102/262/66 106/263/66 105/264/66
f 103/265/67 101/266/67 105/267/67 107/268/67
f 108/269/68 106/270/68 102/271/68 104/272/68
f 112/273/69 110/274/69 109/275/69 111/276/69
f 115/277/70 113/278/70 114/279/70 116/280/70
f 109/281/71 110/282/71 114/283/71 113/284/71
f 111/285/72 109/286/72 113/287/72 115/288/72
f 116/289/73 114/290/73 110/291/73 112/292/73
f 120/293/74 118/294/74 117/295/74 119/296/74
f 123/297/75 121/298/75 122/299/75 124/300/75
f 117/301/76 118/302/76 122/303/76 121/304/76
f 119/305/77 117/306/77 121/307/77 123/308/77
f 124/309/78 122/310/78 118/311/78 120/312/78