# Made by Pabilo8 in Blockbench 4.2.5
mtllib tank_trap.mtl

o Main
v 0.6114894597110627 1.18156322652472 0.27048601305238695
v 0.5752877118773395 1.21741175379666 0.30668776088611
v 0.0031197782021016307 -0.0471648399087673 0.8788556945613439
v -0.03308196963162152 -0.011316312636826864 0.915057442395067
v 0.6556836335352219 1.1815632265247196 0.3146801868765463
v 0.6194818857014986 1.21741175379666 0.3508819347102693
v 0.047313952026260764 -0.04716483990876741 0.9230498683855033
v 0.011112204192537611 -0.011316312636826975 0.9592516162192263
v 0.6476912075447858 1.1457146992527796 0.23428426521866397
v 0.03932152603582473 -0.08301336718070773 0.8426539467276211
v 0.7802737290172632 1.1457146992527791 0.36686678669114187
v 0.7440719811835401 1.1815632265247196 0.4030685345248649
v 0.17190404750830207 -0.08301336718070795 0.9752364682000989
v 0.13570229967457895 -0.04716483990876752 1.011438216033822
v 0.699877807359381 1.1815632265247198 0.35887436070070555
v 0.6636760595256579 1.2174117537966602 0.39507610853442854
v 0.0915081258504199 -0.04716483990876741 0.9672440422096626
v 0.055306378016696744 -0.011316312636826975 1.0034457900433855
v 0.707870233349817 1.21741175379666 0.4392702823585879
v 0.09950055184085582 -0.011316312636827086 1.0476399638675449
v 0.35149879278074125 0.5671991933079761 0.6188650276310248
v 0.31529704494701816 0.6030477205799165 0.6550667754647478
v 0.271102871122859 0.6030477205799166 0.6108726016405885
v 0.34350636679030533 0.5313506660360359 0.5384691059731425
v 0.4760888882627827 0.5313506660360356 0.6710516274456204
v 0.4036853925953364 0.6030477205799165 0.7434551231130664
v 0.3594912187711773 0.6030477205799166 0.699260949288907
v 0.39569296660490044 0.5671991933079762 0.663059201455184
v 0.5845883622998809 1.140805590290038 0.953569862992722
v 0.5845883622998809 1.1809798158954465 0.9056920852977857
v 0.5845883622998793 -0.00826107438842938 -0.01061155153708715
v 0.5845883622998794 0.03191315121697913 -0.058489329232023324
v 0.522088362299881 1.140805590290038 0.9535698629927218
v 0.5220883622998809 1.1809798158954465 0.9056920852977857
v 0.5220883622998794 -0.008261074388429268 -0.010611551537086927
v 0.5220883622998793 0.03191315121697935 -0.0584893292320231
v 0.5845883622998809 1.1006313646846293 1.0014476406876582
v 0.5845883622998793 -0.04843529999383811 0.037266226157849025
v 0.39708836229988087 1.1006313646846295 1.0014476406876582
v 0.3970883622998809 1.1408055902900385 0.9535698629927221
v 0.3970883622998794 -0.04843529999383789 0.037266226157849136
v 0.3970883622998793 -0.008261074388429157 -0.010611551537086927
v 0.459588362299881 1.140805590290038 0.9535698629927221
v 0.45958836229988104 1.1809798158954465 0.9056920852977859
v 0.45958836229987937 -0.008261074388429268 -0.010611551537086927
v 0.45958836229987937 0.03191315121697935 -0.0584893292320231
v 0.39708836229988104 1.180979815895447 0.9056920852977859
v 0.39708836229987937 0.03191315121697946 -0.0584893292320231
v 0.5220883622998801 0.5662722579508044 0.47147915572781735
v 0.5220883622998801 0.606446483556213 0.42360137803288134
v 0.5845883622998802 0.6064464835562128 0.4236013780328813
v 0.5845883622998802 0.5260980323453955 0.5193569334227536
v 0.39708836229988015 0.5260980323453958 0.5193569334227538
v 0.39708836229988015 0.6064464835562132 0.42360137803288145
v 0.4595883622998802 0.6064464835562131 0.42360137803288145
v 0.4595883622998802 0.5662722579508044 0.47147915572781757
v 0.23760474341622112 1.1815632265247198 0.340568534524864
v 0.27380649124994416 1.21741175379666 0.3767702823585872
v 0.8459744249251799 -0.04716483990876774 0.9489382160338224
v 0.8821761727589029 -0.01131631263682753 0.9851399638675457
v 0.2817989172403804 1.18156322652472 0.2963743607007049
v 0.31800066507410346 1.2174117537966602 0.3325761085344279
v 0.890168598749339 -0.04716483990876774 0.9047440422096633
v 0.9263703465830623 -0.011316312636827308 0.9409457900433866
v 0.20140299558249805 1.1457146992527796 0.3043667866911408
v 0.809772677091457 -0.08301336718070818 0.9127364682000993
v 0.33398551705497576 1.1457146992527796 0.1717842652186634
v 0.3701872648886988 1.18156322652472 0.2079860130523864
v 0.9423551985639346 -0.08301336718070784 0.780153946727622
v 0.9785569463976574 -0.04716483990876774 0.8163556945613449
v 0.3259930910645395 1.18156322652472 0.25218018687654564
v 0.36219483889826254 1.2174117537966604 0.28838193471026885
v 0.9343627725734985 -0.04716483990876774 0.8605498683855042
v 0.9705645204072212 -0.011316312636827308 0.896751616219227
v 0.40638901272242184 1.2174117537966604 0.2441877608861096
v 1.0147586942313804 -0.011316312636827086 0.8525574423950679
v 0.5859837579948598 0.5671991933079761 0.600559201455184
v 0.6221855058285828 0.6030477205799165 0.6367609492889073
v 0.5779913320044237 0.6030477205799164 0.6809551231130665
v 0.5055878363369775 0.5313506660360358 0.6085516274456201
v 0.6381703578094552 0.5313506660360358 0.4759691059731427
v 0.7105738534769013 0.6030477205799166 0.5483726016405889
v 0.6663796796527419 0.6030477205799167 0.5925667754647479
v 0.6301779318190189 0.5671991933079762 0.5563650276310248
vt 0 1
vt 0 0.25
vt 0.06250000000000001 0.25
vt 0.06250000000000001 1
vt 0 1
vt 0 0.9375
vt 0.0625 0.9375
vt 0.0625 1
vt 0.25 0.25
vt 0.25 0.3125
vt 0.1875 0.3125
vt 0.1875 0.25
vt 0 1
vt 0 0.25
vt 0.0625 0.25
vt 0.0625 1
vt 0.1875 0.9375
vt 0.1875 1
vt 0 1
vt 0 0.9375
vt 0 1
vt 0 0.25
vt 0.1875 0.25
vt 0.1875 1
vt 0.1875 0.9375
vt 0.1875 1
vt 0 1
vt 0 0.9375
vt 0.125 1
vt 0.125 0.25
vt 0.1875 0.25
vt 0.1875 1
vt 0.1875 0.9375
vt 0.1875 1
vt 0.125 1
vt 0.125 0.9375
vt 0.125 1
vt 0.125 0.25
vt 0.1875 0.25
vt 0.1875 1
vt 0.375 0.25
vt 0.375 0.3125
vt 0.3125 0.3125
vt 0.3125 0.25
vt 0 1
vt 0 0.25
vt 0.125 0.25
vt 0.125 1
vt 0 1
vt 0 0.25
vt 0.125 0.25
vt 0.125 1
vt 0.0625 1
vt 0.0625 0.25
vt 0.125 0.25
vt 0.125 1
vt 0.25 0.25
vt 0.25 1
vt 0.1875 1
vt 0.1875 0.25
vt 0.25 0.25
vt 0.25 1
vt 0.1875 1
vt 0.1875 0.25
vt 0.3125 0.25
vt 0.3125 1
vt 0.1875 1
vt 0.1875 0.25
vt 0.375 0.25
vt 0.375 1
vt 0.1875 1
vt 0.1875 0.25
vt 0.3125 0.25
vt 0.3125 1
vt 0.1875 1
vt 0.1875 0.25
vt 0.375 0.25
vt 0.375 1
vt 0.3125 1
vt 0.3125 0.25
vt 0.375 0.25
vt 0.375 1
vt 0.3125 1
vt 0.3125 0.25
vt 0.3125 0.25
vt 0.3125 1
vt 0.25 1
vt 0.25 0.25
vt 0 1
vt 0 0.25
vt 0.06250000000000001 0.25
vt 0.06250000000000001 1
vt 0 1
vt 0 0.9375
vt 0.0625 0.9375
vt 0.0625 1
vt 0.25 0.25
vt 0.25 0.3125
vt 0.1875 0.3125
vt 0.1875 0.25
vt 0 1
vt 0 0.25
vt 0.0625 0.25
vt 0.0625 1
vt 0.1875 0.9375
vt 0.1875 1
vt 0 1
vt 0 0.9375
vt 0 1
vt 0 0.25
vt 0.1875 0.25
vt 0.1875 1
vt 0.1875 0.9375
vt 0.1875 1
vt 0 1
vt 0 0.9375
vt 0.125 1
vt 0.125 0.25
vt 0.1875 0.25
vt 0.1875 1
vt 0.1875 0.9375
vt 0.1875 1
vt 0.125 1
vt 0.125 0.9375
vt 0.125 1
vt 0.125 0.25
vt 0.1875 0.25
vt 0.1875 1
vt 0.375 0.25
vt 0.375 0.3125
vt 0.3125 0.3125
vt 0.3125 0.25
vt 0 1
vt 0 0.25
vt 0.125 0.25
vt 0.125 1
vt 0 1
vt 0 0.25
vt 0.125 0.25
vt 0.125 1
vt 0.0625 1
vt 0.0625 0.25
vt 0.125 0.25
vt 0.125 1
vt 0.25 0.25
vt 0.25 1
vt 0.1875 1
vt 0.1875 0.25
vt 0.25 0.25
vt 0.25 1
vt 0.1875 1
vt 0.1875 0.25
vt 0.3125 0.25
vt 0.3125 1
vt 0.1875 1
vt 0.1875 0.25
vt 0.375 0.25
vt 0.375 1
vt 0.1875 1
vt 0.1875 0.25
vt 0.3125 0.25
vt 0.3125 1
vt 0.1875 1
vt 0.1875 0.25
vt 0.375 0.25
vt 0.375 1
vt 0.3125 1
vt 0.3125 0.25
vt 0.375 0.25
vt 0.375 1
vt 0.3125 1
vt 0.3125 0.25
vt 0.3125 0.25
vt 0.3125 1
vt 0.25 1
vt 0.25 0.25
vt 0 1
vt 0 0.25
vt 0.06250000000000001 0.25
vt 0.06250000000000001 1
vt 0 1
vt 0 0.9375
vt 0.0625 0.9375
vt 0.0625 1
vt 0.25 0.25
vt 0.25 0.3125
vt 0.1875 0.3125
vt 0.1875 0.25
vt 0 1
vt 0 0.25
vt 0.0625 0.25
vt 0.0625 1
vt 0.1875 0.9375
vt 0.1875 1
vt 0 1
vt 0 0.9375
vt 0 1
vt 0 0.25
vt 0.1875 0.25
vt 0.1875 1
vt 0.1875 0.9375
vt 0.1875 1
vt 0 1
vt 0 0.9375
vt 0.125 1
vt 0.125 0.25
vt 0.1875 0.25
vt 0.1875 1
vt 0.1875 0.9375
vt 0.1875 1
vt 0.125 1
vt 0.125 0.9375
vt 0.125 1
vt 0.125 0.25
vt 0.1875 0.25
vt 0.1875 1
vt 0.375 0.25
vt 0.375 0.3125
vt 0.3125 0.3125
vt 0.3125 0.25
vt 0 1
vt 0 0.25
vt 0.125 0.25
vt 0.125 1
vt 0 1
vt 0 0.25
vt 0.125 0.25
vt 0.125 1
vt 0.0625 1
vt 0.0625 0.25
vt 0.125 0.25
vt 0.125 1
vt 0.25 0.25
vt 0.25 1
vt 0.1875 1
vt 0.1875 0.25
vt 0.25 0.25
vt 0.25 1
vt 0.1875 1
vt 0.1875 0.25
vt 0.3125 0.25
vt 0.3125 1
vt 0.1875 1
vt 0.1875 0.25
vt 0.375 0.25
vt 0.375 1
vt 0.1875 1
vt 0.1875 0.25
vt 0.3125 0.25
vt 0.3125 1
vt 0.1875 1
vt 0.1875 0.25
vt 0.375 0.25
vt 0.375 1
vt 0.3125 1
vt 0.3125 0.25
vt 0.375 0.25
vt 0.375 1
vt 0.3125 1
vt 0.3125 0.25
vt 0.3125 0.25
vt 0.3125 1
vt 0.25 1
vt 0.25 0.25
vn 0.707106781186546 -7.771561172376098e-16 0.7071067811865491
vn 0.40557978767263864 0.8191520442889934 -0.40557978767263597
vn -0.4055797876726407 -0.8191520442889914 0.405579787672638
vn -0.5792279653395699 0.5735764363510468 0.579227965339568
vn 0.4055797876726407 0.8191520442889914 -0.405579787672638
vn 0.5792279653395699 -0.5735764363510468 -0.579227965339568
vn -0.4055797876726407 -0.8191520442889914 0.405579787672638
vn -0.707106781186546 7.771561172376098e-16 -0.7071067811865491
vn 0.4055797876726407 0.8191520442889914 -0.405579787672638
vn -0.5792279653395699 0.5735764363510468 0.579227965339568
vn -0.4055797876726407 -0.8191520442889914 0.405579787672638
vn -0.707106781186546 7.771561172376098e-16 -0.7071067811865491
vn 0.707106781186546 -7.771561172376098e-16 0.7071067811865491
vn -0.5792279653395699 0.5735764363510468 0.579227965339568
vn 0.707106781186546 -7.771561172376098e-16 0.7071067811865491
vn -0.5792279653395699 0.5735764363510468 0.579227965339568
vn -0.707106781186546 7.771561172376098e-16 -0.7071067811865491
vn 0.5792279653395699 -0.5735764363510468 -0.579227965339568
vn 0.707106781186546 -7.771561172376098e-16 0.7071067811865491
vn -0.5792279653395699 0.5735764363510468 0.579227965339568
vn -0.707106781186546 7.619987595669697e-16 -0.7071067811865491
vn -0.5792279653395699 0.5735764363510468 0.579227965339568
vn -1 1.3322676295501878e-15 -1.1102230246251565e-16
vn 1.7208456881689926e-15 0.7660444431189806 0.6427876096865364
vn -2.3869795029440866e-15 -0.7660444431189795 -0.6427876096865378
vn 2.1163626406917047e-15 0.642787609686539 -0.7660444431189782
vn 1.77635683940025e-15 0.7660444431189797 0.6427876096865373
vn 1.804112415015879e-16 -0.6427876096865391 0.7660444431189781
vn -1.2212453270876722e-15 -0.7660444431189779 -0.6427876096865396
vn 1 -8.881784197001252e-16 -8.326672684688674e-16
vn 2.886579864025407e-15 0.7660444431189775 0.6427876096865401
vn 4.718447854656915e-16 0.6427876096865393 -0.7660444431189782
vn -1.9984014443252814e-15 -0.7660444431189788 -0.6427876096865384
vn 1 -8.326672684688674e-16 -6.106226635438361e-16
vn -1 8.881784197001252e-16 9.992007221626409e-16
vn -2.3314683517128287e-15 0.6427876096865393 -0.7660444431189781
vn -1 9.992007221626409e-16 2.7755575615628914e-16
vn 2.4147350785597155e-15 0.6427876096865395 -0.766044443118978
vn 1 -7.771561172376096e-16 -5.551115123125783e-16
vn 2.2898349882893854e-16 -0.6427876096865393 0.7660444431189781
vn -1 1.1657341758564144e-15 2.7755575615628914e-16
vn 7.494005416219805e-16 0.6427876096865391 -0.7660444431189781
vn 1 -1.0547118733938987e-15 -4.440892098500626e-16
vn -2.1233015345956115e-15 0.6427876096865393 -0.766044443118978
vn 0.7071067811865478 4.996003610813203e-16 -0.7071067811865472
vn -0.40557978767263814 0.8191520442889932 -0.4055797876726364
vn 0.40557978767264047 -0.8191520442889919 0.4055797876726373
vn 0.5792279653395692 0.5735764363510469 0.5792279653395684
vn -0.4055797876726385 0.8191520442889924 -0.40557978767263825
vn -0.5792279653395683 -0.5735764363510465 -0.5792279653395698
vn 0.4055797876726395 -0.8191520442889917 0.4055797876726385
vn -0.7071067811865482 -8.88178419700125e-16 0.7071067811865468
vn -0.405579787672638 0.8191520442889919 -0.40557978767263986
vn 0.5792279653395684 0.5735764363510465 0.5792279653395698
vn 0.405579787672645 -0.8191520442889888 0.4055797876726391
vn -0.7071067811865478 -4.996003610813203e-16 0.7071067811865472
vn 0.7071067811865482 8.88178419700125e-16 -0.7071067811865468
vn 0.579227965339569 0.5735764363510463 0.5792279653395693
vn 0.7071067811865488 2.7755575615628914e-16 -0.7071067811865465
vn 0.5792279653395693 0.5735764363510463 0.579227965339569
vn -0.7071067811865477 -5.551115123125783e-17 0.7071067811865475
vn -0.5792279653395686 -0.5735764363510463 -0.5792279653395698
vn 0.707106781186548 6.106226635438361e-16 -0.707106781186547
vn 0.5792279653395688 0.5735764363510463 0.5792279653395696
vn -0.7071067811865482 -1.221245327087672e-15 0.7071067811865468
vn 0.5792279653395681 0.5735764363510464 0.5792279653395699
usemtl m_0
f 6/1/1 22/2/1 21/3/1 5/4/1
f 1/5/2 2/6/2 6/7/2 5/8/2
f 4/9/3 3/10/3 7/11/3 8/12/3
f 2/13/4 23/14/4 22/15/4 6/16/4
f 9/17/5 1/18/5 12/19/5 11/20/5
f 11/21/6 25/22/6 24/23/6 9/24/6
f 3/25/7 10/26/7 13/27/7 14/28/7
f 15/29/8 28/30/8 27/31/8 16/32/8
f 15/33/9 16/34/9 19/35/9 12/36/9
f 16/37/10 27/38/10 26/39/10 19/40/10
f 18/41/11 17/42/11 14/43/11 20/44/11
f 9/45/12 24/46/12 23/47/12 2/48/12
f 19/49/13 26/50/13 25/51/13 11/52/13
f 5/53/14 21/54/14 28/55/14 15/56/14
f 7/57/15 21/58/15 22/59/15 8/60/15
f 8/61/16 22/62/16 23/63/16 4/64/16
f 4/65/17 23/66/17 24/67/17 10/68/17
f 10/69/18 24/70/18 25/71/18 13/72/18
f 13/73/19 25/74/19 26/75/19 20/76/19
f 20/77/20 26/78/20 27/79/20 18/80/20
f 18/81/21 27/82/21 28/83/21 17/84/21
f 17/85/22 28/86/22 21/87/22 7/88/22
f 34/89/23 50/90/23 49/91/23 33/92/23
f 29/93/24 30/94/24 34/95/24 33/96/24
f 32/97/25 31/98/25 35/99/25 36/100/25
f 30/101/26 51/102/26 50/103/26 34/104/26
f 37/105/27 29/106/27 40/107/27 39/108/27
f 39/109/28 53/110/28 52/111/28 37/112/28
f 31/113/29 38/114/29 41/115/29 42/116/29
f 43/117/30 56/118/30 55/119/30 44/120/30
f 43/121/31 44/122/31 47/123/31 40/124/31
f 44/125/32 55/126/32 54/127/32 47/128/32
f 46/129/33 45/130/33 42/131/33 48/132/33
f 37/133/34 52/134/34 51/135/34 30/136/34
f 47/137/35 54/138/35 53/139/35 39/140/35
f 33/141/36 49/142/36 56/143/36 43/144/36
f 35/145/37 49/146/37 50/147/37 36/148/37
f 36/149/38 50/150/38 51/151/38 32/152/38
f 32/153/39 51/154/39 52/155/39 38/156/39
f 38/157/40 52/158/40 53/159/40 41/160/40
f 41/161/41 53/162/41 54/163/41 48/164/41
f 48/165/42 54/166/42 55/167/42 46/168/42
f 46/169/43 55/170/43 56/171/43 45/172/43
f 45/173/44 56/174/44 49/175/44 35/176/44
f 62/177/45 78/178/45 77/179/45 61/180/45
f 57/181/46 58/182/46 62/183/46 61/184/46
f 60/185/47 59/186/47 63/187/47 64/188/47
f 58/189/48 79/190/48 78/191/48 62/192/48
f 65/193/49 57/194/49 68/195/49 67/196/49
f 67/197/50 81/198/50 80/199/50 65/200/50
f 59/201/51 66/202/51 69/203/51 70/204/51
f 71/205/52 84/206/52 83/207/52 72/208/52
f 71/209/53 72/210/53 75/211/53 68/212/53
f 72/213/54 83/214/54 82/215/54 75/216/54
f 74/217/55 73/218/55 70/219/55 76/220/55
f 65/221/56 80/222/56 79/223/56 58/224/56
f 75/225/57 82/226/57 81/227/57 67/228/57
f 61/229/58 77/230/58 84/231/58 71/232/58
f 63/233/59 77/234/59 78/235/59 64/236/59
f 64/237/60 78/238/60 79/239/60 60/240/60
f 60/241/61 79/242/61 80/243/61 66/244/61
f 66/245/62 80/246/62 81/247/62 69/248/62
f 69/249/63 81/250/63 82/251/63 76/252/63
f 76/253/64 82/254/64 83/255/64 74/256/64
f 74/257/65 83/258/65 84/259/65 73/260/65
f 73/261/66 84/262/66 77/263/66 63/264/66