# Made by Pabilo8 in Blockbench 4.2.1
mtllib data_debugger.mtl

o Base
v 0.75 0.6229605282465617 0.6251336740410343
v 0.75 0.5576974321365359 0.129411243354129
v 0.75 0.5609952244106986 0.6332915610547875
v 0.75 0.49573212830067276 0.1375691303678822
v 0.25 0.6229605282465617 0.6251336740410343
v 0.25 0.5576974321365359 0.129411243354129
v 0.25 0.5609952244106986 0.6332915610547875
v 0.25 0.49573212830067276 0.1375691303678822
v 0.75 0.6278206229861522 0.1832186601762391
v 0.75 0.6196627359723991 0.12125335634037582
v 0.75 0.565855319150289 0.1913765471899922
v 0.75 0.5576974321365358 0.129411243354129
v 0.25 0.6278206229861522 0.1832186601762391
v 0.25 0.6196627359723991 0.12125335634037582
v 0.25 0.565855319150289 0.1913765471899922
v 0.25 0.5576974321365358 0.129411243354129
v 0.8686239790111715 0.45809883778289007 0.866821814223359
v 0.8686239790111715 0.43639281557452375 0.7437208450968331
v 0.9445950567404535 0.03379107698597261 0.941638720575849
v 0.9445950567404535 0.012085054777606352 0.8185377514493231
v 0.7455230098846455 0.43672257882503585 0.8705910254242397
v 0.7455230098846455 0.4150165566166695 0.7474900562977138
v 0.8214940876139275 0.01241481802811839 0.9454079317767299
v 0.8214940876139275 -0.00929120418024787 0.8223069626502038
v 0.8686239790111714 0.45809883778289 0.13317818577664065
v 0.8686239790111715 0.43639281557452375 0.2562791549031668
v 0.9445950567404535 0.0337910769859725 0.058361279424150814
v 0.9445950567404535 0.01208505477760613 0.18146224855067655
v 0.7455230098846454 0.43672257882503573 0.12940897457576006
v 0.7455230098846455 0.4150165566166694 0.25250994370228613
v 0.8214940876139275 0.01241481802811828 0.054592068223269896
v 0.8214940876139275 -0.009291204180248092 0.17769303734979602
v 0.1313760209888285 0.45809883778289007 0.866821814223359
v 0.1313760209888285 0.4363928155745238 0.743720845096833
v 0.05540494325954648 0.0337910769859725 0.941638720575849
v 0.05540494325954648 0.012085054777606352 0.8185377514493231
v 0.2544769901153545 0.4367225788250358 0.8705910254242396
v 0.2544769901153545 0.4150165566166694 0.7474900562977137
v 0.17850591238607239 0.01241481802811828 0.9454079317767299
v 0.17850591238607239 -0.00929120418024798 0.8223069626502038
v 0.1313760209888285 0.45809883778289 0.13317818577664065
v 0.1313760209888285 0.4363928155745238 0.25627915490316683
v 0.05540494325954659 0.0337910769859725 0.058361279424150814
v 0.05540494325954648 0.012085054777606352 0.18146224855067666
v 0.2544769901153545 0.43672257882503573 0.12940897457576006
v 0.25447699011535463 0.4150165566166694 0.25250994370228613
v 0.17850591238607239 0.01241481802811828 0.054592068223269896
v 0.1785059123860725 -0.009291204180248092 0.17769303734979602
v 1 0.49999999999999994 0.9999999999999999
v 1 0.49999999999999983 -1.1102230246251565e-16
v 1 0.3749999999999999 1
v 1 0.3749999999999999 -2.220446049250313e-16
v -1.1102230246251565e-16 0.49999999999999994 0.9999999999999999
v -1.1102230246251565e-16 0.5 -2.220446049250313e-16
v -1.1102230246251565e-16 0.37499999999999994 1
v -1.1102230246251565e-16 0.375 -1.1102230246251565e-16
v 1 0.875 1
v 1 0.875 0.6249999999999999
v 1 0.49999999999999994 0.9999999999999999
v 1 0.49999999999999994 0.625
v 0 0.875 1
v 0 0.875 0.6249999999999999
v 0 0.49999999999999994 0.9999999999999999
v 0 0.49999999999999994 0.625
v 0.9375 0.9374999999999999 0.9375
v 0.9375 0.9374999999999999 0.6875000000000001
v 0.9375 0.875 0.9374999999999999
v 0.9375 0.875 0.6875
v 0.6875 0.9374999999999999 0.9375
v 0.6875 0.9374999999999999 0.6875000000000001
v 0.6875 0.875 0.9374999999999999
v 0.6875 0.875 0.6875
v 0.875 1 0.875
v 0.875 1 0.75
v 0.9375 0.9374999999999999 0.9375
v 0.9375 0.9374999999999999 0.6875000000000001
v 0.75 1 0.875
v 0.75 1 0.75
v 0.6875 0.9374999999999999 0.9375
v 0.6875 0.9374999999999999 0.6875000000000001
v 0.3125 0.9374999999999999 0.9375
v 0.3125 0.9374999999999999 0.6875000000000001
v 0.3125 0.875 0.9374999999999999
v 0.3125 0.875 0.6875
v 0.0625 0.9374999999999999 0.9375
v 0.0625 0.9374999999999999 0.6875000000000001
v 0.0625 0.875 0.9374999999999999
v 0.0625 0.875 0.6875
v 0.25 1 0.875
v 0.25 1 0.75
v 0.3125 0.9374999999999999 0.9375
v 0.3125 0.9374999999999999 0.6875000000000001
v 0.125 1 0.875
v 0.125 1 0.75
v 0.0625 0.9374999999999999 0.9375
v 0.0625 0.9374999999999999 0.6875000000000001
v 0.25 0.875 0.6249999999999999
v 0.25 0.875 0.5624999999999999
v 0.25 0.6249999999999999 0.6250000000000001
v 0.25 0.625 0.5625
v 0 0.875 0.6249999999999999
v 0 0.875 0.5624999999999999
v 0 0.6249999999999999 0.6250000000000001
v 0 0.625 0.5625
v 0.125 1.2812499999999998 0.5625
v 0.125 1.2812499999999998 0.1875
v 0.125 1.15625 0.5625
v 0.125 1.15625 0.18749999999999994
v 0 1.2812499999999998 0.5625
v 0 1.2812499999999998 0.1875
v 0 1.15625 0.5625
v 0 1.15625 0.18749999999999994
v 0.13002302771011243 1.180314177530752 0.4375
v 0.13002302771011243 1.180314177530752 0.31250000000000006
v 0.188685952100199 0.8099310498075751 0.4375
v 0.188685952100199 0.8099310498075752 0.3125
v 0.006561985135720205 1.160759869400723 0.4375
v 0.006561985135720205 1.160759869400723 0.3125
v 0.06522490952580678 0.7903767416775462 0.4375
v 0.06522490952580678 0.7903767416775463 0.3125
v 0.1875 0.8125 0.5624999999999999
v 0.1875 0.8125 0.3125
v 0.1875 0.6875 0.5625
v 0.1875 0.6875 0.31249999999999994
v 0.0625 0.8125 0.5624999999999999
v 0.0625 0.8125 0.3125
v 0.0625 0.6875 0.5625
v 0.0625 0.6875 0.31249999999999994
v 0.44009388305558433 1.2788248773927773 0.53125
v 0.44009388305558433 1.2788248773927773 0.28125
v 0.18410886921527447 1.0995822410330753 0.5312499999999999
v 0.18410886921527447 1.0995822410330756 0.28125
v 0.2608512466958824 1.534809891233087 0.53125
v 0.2608512466958824 1.5348098912330872 0.28125
v 0.004866232855572528 1.3555672548733853 0.5312499999999999
v 0.004866232855572528 1.3555672548733853 0.28125
v 0.5220409634873746 1.107309605452621 0.49999999999999994
v 0.5220409634873746 1.107309605452621 0.25000000000000006
v 0.31725295241512674 0.9639154963648597 0.5
v 0.31725295241512674 0.9639154963648597 0.25
v 0.4861924362154342 1.1585066082206827 0.49999999999999994
v 0.4861924362154342 1.158506608220683 0.25000000000000006
v 0.2814044251431862 1.0151124991329215 0.5
v 0.2814044251431862 1.0151124991329215 0.25
v 0.4605939348314032 1.1405823445847125 0.46875
v 0.4605939348314032 1.1405823445847125 0.28125
v 0.3070029265272173 1.033036762768892 0.46875
v 0.3070029265272173 1.033036762768892 0.28125
v 0.42474540755946294 1.1917793473527745 0.46875
v 0.42474540755946294 1.1917793473527747 0.28125
v 0.27115439925527673 1.0842337655369536 0.46875
v 0.27115439925527673 1.0842337655369536 0.28125
v 0.45034390894349374 1.2097036109887451 0.5
v 0.45034390894349374 1.2097036109887451 0.25
v 0.24555589787124588 1.0663095019009834 0.49999999999999994
v 0.24555589787124588 1.0663095019009836 0.25
v 0.4144953816715533 1.2609006137568068 0.5
v 0.4144953816715533 1.260900613756807 0.25
v 0.20970737059930544 1.1175065046690453 0.5
v 0.20970737059930544 1.1175065046690456 0.25
v 0.2608512466958824 1.534809891233087 0.53125
v 0.2608512466958824 1.534809891233087 0.21875
v 0.004866232855572472 1.3555672548733853 0.5312499999999999
v 0.004866232855572472 1.3555672548733853 0.21875
v 0.18915419215200158 1.6372038967692106 0.53125
v 0.18915419215200158 1.6372038967692106 0.21875000000000006
v -0.06683082168830834 1.4579612604095091 0.53125
v -0.06683082168830834 1.4579612604095091 0.21875000000000006
v 0.4400938830555842 1.2788248773927773 0.28125
v 0.4400938830555842 1.2788248773927773 0.21875000000000006
v 0.3888968802875224 1.2429763501208366 0.2812499999999999
v 0.3888968802875224 1.2429763501208364 0.21875000000000006
v 0.2608512466958824 1.5348098912330872 0.28125
v 0.2608512466958824 1.534809891233087 0.21875
v 0.20965424392782028 1.4989613639611468 0.28125
v 0.20965424392782028 1.4989613639611465 0.21875000000000006
v 0.2353058719833364 1.1354307683050158 0.28125
v 0.2353058719833364 1.1354307683050155 0.21875
v 0.18410886921527442 1.0995822410330756 0.28125
v 0.18410886921527442 1.0995822410330753 0.21875
v 0.05606323562363452 1.3914157821453257 0.28124999999999994
v 0.05606323562363452 1.3914157821453257 0.21875
v 0.004866232855572472 1.3555672548733853 0.28125
v 0.004866232855572472 1.3555672548733853 0.21875
v 0.3888968802875224 1.2429763501208366 0.2812499999999999
v 0.3888968802875224 1.2429763501208364 0.21875000000000006
v 0.2353058719833364 1.1354307683050158 0.28125
v 0.2353058719833364 1.1354307683050155 0.21875
v 0.353048353015582 1.2941733528888988 0.28125
v 0.353048353015582 1.2941733528888988 0.21875
v 0.1994573447113961 1.1866277710730775 0.28125
v 0.1994573447113961 1.1866277710730775 0.21875
v 0.8895031754730548 0.7731888379697495 0.6394930791880036
v 0.933697349297214 0.791866102890382 0.5994395553095168
v 0.8551882938682637 0.6235485401981053 0.5318523797139529
v 0.8993824676924229 0.6422258051187378 0.49179885583546606
v 0.8468148816047911 0.8058902977716439 0.6076406994740506
v 0.8910090554289504 0.8245675626922764 0.5675871755955639
v 0.8125 0.65625 0.5
v 0.8566941738241592 0.6749272649206324 0.4599464761215132
v 0.9325036079145193 0.7971996186812145 0.40458044858121606
v 0.8829190241463172 0.7889646131390236 0.3674347390543512
v 0.9128087264456088 0.68487625502918 0.45577198715761014
v 0.8632241426774067 0.676641249486989 0.4186262776307452
v 0.8957524587690091 0.8233587505130107 0.4478390067898661
v 0.8461678750008069 0.8151237449708196 0.4106932972630013
v 0.8760575773000987 0.7110353868609763 0.49903054536626024
v 0.8264729935318966 0.7028003813187854 0.4618848358393953
v 0.7553370487965297 0.8525436129597859 0.41615884351403903
v 0.779254763319348 0.8450067081192398 0.358910367574242
v 0.8145843131949977 0.6810618426340209 0.4634876308135212
v 0.8385020277178158 0.6735249377934749 0.40623915487372414
v 0.7010768750967803 0.8284166155530943 0.3966659846623848
v 0.7249945896195985 0.8208797107125482 0.33941750872258764
v 0.7603241394952482 0.6569348452273294 0.4439947719618669
v 0.7842418540180663 0.6493979403867832 0.3867462960220697
v 0.9374999999999999 0.6875 0.5625000000000001
v 0.9374999999999999 0.6875 0.3750000000000001
v 0.9374999999999998 0.4999999999999999 0.5625
v 0.9374999999999999 0.4999999999999999 0.375
v 0.75 0.6875 0.5625000000000001
v 0.75 0.6874999999999999 0.375
v 0.7499999999999999 0.4999999999999998 0.5625
v 0.75 0.4999999999999999 0.375
vt 0.5 0.28125
vt 0.53125 0.28125
vt 0.53125 0.53125
vt 0.5 0.53125
vt 0.71875 0.28125
vt 0.75 0.28125
vt 0.75 0.53125
vt 0.71875 0.53125
vt 0.75 0.28125
vt 0.75 0.53125
vt 0.5 0.53125
vt 0.5 0.28125
vt 1 0.28125
vt 1 0.53125
vt 0.75 0.53125
vt 0.75 0.28125
vt 0.75 0.28125
vt 0.75 0.3125
vt 0.5 0.3125
vt 0.5 0.28125
vt 0.75 0.28125
vt 0.75 0.3125
vt 0.5 0.3125
vt 0.5 0.28125
vt 0.5 0.53125
vt 0.5 0.5625
vt 0.53125 0.5625
vt 0.53125 0.53125
vt 0.71875 0.53125
vt 0.71875 0.5625
vt 0.75 0.5625
vt 0.75 0.53125
vt 0.5 0.53125
vt 0.5 0.5625
vt 0.75 0.5625
vt 0.75 0.53125
vt 0.5 0.53125
vt 0.5 0.5625
vt 0.75 0.5625
vt 0.75 0.53125
vt 0.5 0.53125
vt 0.5 0.5625
vt 0.75 0.5625
vt 0.75 0.53125
vt 1 0
vt 1 0.21875
vt 0.9375 0.21875
vt 0.9375 0
vt 1 0
vt 1 0.21875
vt 0.9375 0.21875
vt 0.9375 0
vt 0.9375 0.21875
vt 0.9375 0.28125
vt 1 0.28125
vt 1 0.21875
vt 0.9375 0
vt 0.9375 0.21875
vt 1 0.21875
vt 1 0
vt 0.9375 0
vt 0.9375 0.21875
vt 1 0.21875
vt 1 0
vt 0.9375 0.21875
vt 1 0.21875
vt 1 0
vt 0.9375 0
vt 0.9375 0.21875
vt 1 0.21875
vt 1 0
vt 0.9375 0
vt 1 0.28125
vt 0.9375 0.28125
vt 0.9375 0.21875
vt 1 0.21875
vt 1 0.21875
vt 0.9375 0.21875
vt 0.9375 0
vt 1 0
vt 1 0.21875
vt 0.9375 0.21875
vt 0.9375 0
vt 1 0
vt 0.9375 0.21875
vt 1 0.21875
vt 1 0
vt 0.9375 0
vt 0.9375 0.21875
vt 1 0.21875
vt 1 0
vt 0.9375 0
vt 1 0.28125
vt 0.9375 0.28125
vt 0.9375 0.21875
vt 1 0.21875
vt 1 0.21875
vt 0.9375 0.21875
vt 0.9375 0
vt 1 0
vt 1 0.21875
vt 0.9375 0.21875
vt 0.9375 0
vt 1 0
vt 1 0
vt 1 0.21875
vt 0.9375 0.21875
vt 0.9375 0
vt 1 0
vt 1 0.21875
vt 0.9375 0.21875
vt 0.9375 0
vt 0.9375 0.21875
vt 0.9375 0.28125
vt 1 0.28125
vt 1 0.21875
vt 0.9375 0
vt 0.9375 0.21875
vt 1 0.21875
vt 1 0
vt 0.9375 0
vt 0.9375 0.21875
vt 1 0.21875
vt 1 0
vt 0.5 0.4375
vt 0.5 0.5
vt 0 0.5
vt 0 0.4375
vt 0 0.4375
vt 0 0.5
vt 0.5 0.5
vt 0.5 0.4375
vt 0.5 1
vt 0.5 0.5
vt 0 0.5
vt 0 1
vt 0.5 0.5
vt 0.5 1
vt 0 1
vt 0 0.5
vt 0.5 0.3125
vt 0.5 0.375
vt 0 0.375
vt 0 0.3125
vt 0.5 0.375
vt 0.5 0.4375
vt 0 0.4375
vt 0 0.375
vt 0.5 0.03125
vt 0.5 0.21875
vt 0.6875 0.21875
vt 0.6875 0.03125
vt 0.6875 0.03125
vt 0.6875 0.21875
vt 0.875 0.21875
vt 0.875 0.03125
vt 0.5 0.8125
vt 0.5 1
vt 1 1
vt 1 0.8125
vt 0.5 0.8125
vt 0.5 1
vt 1 1
vt 1 0.8125
vt 0.5 0.8125
vt 0.5 1
vt 1 1
vt 1 0.8125
vt 0.5 0.8125
vt 0.5 1
vt 1 1
vt 1 0.8125
vt 0.4375 0.03125
vt 0.40625 0.03125
vt 0.40625 0.15625
vt 0.4375 0.15625
vt 0.3125 0.15625
vt 0.34375 0.15625
vt 0.34375 0.03125
vt 0.3125 0.03125
vt 0.3125 0.03125
vt 0.3125 0.0625
vt 0.4375 0.0625
vt 0.4375 0.03125
vt 0.3125 0.125
vt 0.3125 0.15625
vt 0.4375 0.15625
vt 0.4375 0.125
vt 0.34375 0.125
vt 0.34375 0.0625
vt 0.3125 0.03125
vt 0.3125 0.15625
vt 0.4375 0.15625
vt 0.40625 0.125
vt 0.40625 0.0625
vt 0.4375 0.03125
vt 0.40625 0.0625
vt 0.34375 0.0625
vt 0.34375 0.125
vt 0.40625 0.125
vt 0.3125 0.03125
vt 0.34375 0.0625
vt 0.40625 0.0625
vt 0.4375 0.03125
vt 0.34375 0.125
vt 0.40625 0.125
vt 0.4375 0.15625
vt 0.3125 0.15625
vt 0.4375 0.03125
vt 0.40625 0.03125
vt 0.40625 0.15625
vt 0.4375 0.15625
vt 0.3125 0.15625
vt 0.34375 0.15625
vt 0.34375 0.03125
vt 0.3125 0.03125
vt 0.3125 0.03125
vt 0.3125 0.0625
vt 0.4375 0.0625
vt 0.4375 0.03125
vt 0.3125 0.125
vt 0.3125 0.15625
vt 0.4375 0.15625
vt 0.4375 0.125
vt 0.34375 0.125
vt 0.34375 0.0625
vt 0.3125 0.03125
vt 0.3125 0.15625
vt 0.4375 0.15625
vt 0.40625 0.125
vt 0.40625 0.0625
vt 0.4375 0.03125
vt 0.40625 0.0625
vt 0.34375 0.0625
vt 0.34375 0.125
vt 0.40625 0.125
vt 0.3125 0.03125
vt 0.34375 0.0625
vt 0.40625 0.0625
vt 0.4375 0.03125
vt 0.34375 0.125
vt 0.40625 0.125
vt 0.4375 0.15625
vt 0.3125 0.15625
vt 0.1875 0.03125
vt 0.1875 0.15625
vt 0.21875 0.15625
vt 0.21875 0.03125
vt 0.28125 0.03125
vt 0.28125 0.15625
vt 0.3125 0.15625
vt 0.3125 0.03125
vt 0.3125 0.125
vt 0.3125 0.15625
vt 0.1875 0.15625
vt 0.1875 0.125
vt 0.3125 0.03125
vt 0.3125 0.0625
vt 0.1875 0.0625
vt 0.1875 0.03125
vt 0.3125 0.03125
vt 0.3125 0.15625
vt 0.1875 0.15625
vt 0.1875 0.03125
vt 0.875 0.03125
vt 0.9375 0.03125
vt 0.9375 0.21875
vt 0.875 0.21875
vt 0.9375 0.03125
vt 0.875 0.03125
vt 0.875 0.21875
vt 0.9375 0.21875
vt 0.9375 0.03125
vt 0.9375 0.21875
vt 0.875 0.21875
vt 0.875 0.03125
vt 0.875 0.03125
vt 0.875 0.21875
vt 0.9375 0.21875
vt 0.9375 0.03125
vt 0.875 0.21875
vt 0.875 0.28125
vt 0.9375 0.28125
vt 0.9375 0.21875
vt 0.9375 0.21875
vt 0.9375 0.28125
vt 0.875 0.28125
vt 0.875 0.21875
vt 0.9375 0.03125
vt 0.9375 0.21875
vt 0.875 0.21875
vt 0.875 0.03125
vt 0.9375 0.03125
vt 0.9375 0.21875
vt 0.875 0.21875
vt 0.875 0.03125
vt 0.875 0.03125
vt 0.875 0.21875
vt 0.9375 0.21875
vt 0.9375 0.03125
vt 0.875 0.03125
vt 0.875 0.21875
vt 0.9375 0.21875
vt 0.9375 0.03125
vt 0.9375 0.09375
vt 0.875 0.09375
vt 0.875 0.21875
vt 0.9375 0.21875
vt 0.9375 0.09375
vt 0.875 0.09375
vt 0.875 0.21875
vt 0.9375 0.21875
vt 0.875 0.09375
vt 0.875 0.21875
vt 0.9375 0.21875
vt 0.9375 0.09375
vt 0.875 0.09375
vt 0.875 0.21875
vt 0.9375 0.21875
vt 0.9375 0.09375
vt 0.875 0.21875
vt 0.875 0.28125
vt 0.9375 0.28125
vt 0.9375 0.21875
vt 0.5 0.65625
vt 0.5 0.8125
vt 0.625 0.8125
vt 0.625 0.65625
vt 0.5 0.65625
vt 0.5 0.8125
vt 0.625 0.8125
vt 0.625 0.65625
vt 0.5 0.65625
vt 0.625 0.65625
vt 0.625 0.8125
vt 0.5 0.8125
vt 0.625 0.65625
vt 0.5 0.65625
vt 0.5 0.8125
vt 0.625 0.8125
vt 0.8125 0.6562500000000001
vt 0.8125 0.8125000000000001
vt 0.96875 0.8125000000000001
vt 0.96875 0.6562500000000001
vt 0.625 0.65625
vt 0.625 0.8125
vt 0.78125 0.8125
vt 0.78125 0.65625
vt 0.78125 0.53125
vt 0.78125 0.65625
vt 0.90625 0.65625
vt 0.90625 0.53125
vt 0.78125 0.53125
vt 0.78125 0.65625
vt 0.90625 0.65625
vt 0.90625 0.53125
vt 0.78125 0.625
vt 0.90625 0.625
vt 0.90625 0.65625
vt 0.78125 0.65625
vt 0.78125 0.5625
vt 0.90625 0.5625
vt 0.90625 0.53125
vt 0.78125 0.53125
vt 0.8125 0.53125
vt 0.8125 0.65625
vt 0.78125 0.65625
vt 0.78125 0.53125
vt 0.90625 0.53125
vt 0.90625 0.65625
vt 0.875 0.65625
vt 0.875 0.53125
vt 0.90625 0.65625
vt 1 0.65625
vt 1 0.625
vt 0.90625 0.625
vt 0.90625 0.59375
vt 1 0.59375
vt 1 0.5625
vt 0.90625 0.5625
vt 0.90625 0.5625
vt 0.90625 0.65625
vt 0.9375 0.65625
vt 0.9375 0.5625
vt 0.96875 0.5625
vt 0.96875 0.65625
vt 1 0.65625
vt 1 0.5625
vt 0.78125 0.53125
vt 0.78125 0.65625
vt 0.90625 0.65625
vt 0.90625 0.53125
vt 0.78125 0.53125
vt 0.78125 0.65625
vt 0.90625 0.65625
vt 0.90625 0.53125
vt 0.78125 0.625
vt 0.90625 0.625
vt 0.90625 0.65625
vt 0.78125 0.65625
vt 0.78125 0.5625
vt 0.90625 0.5625
vt 0.90625 0.53125
vt 0.78125 0.53125
vt 0.90625 0.53125
vt 0.90625 0.65625
vt 0.875 0.65625
vt 0.875 0.53125
vt 0.90625 0.53125
vt 0.90625 0.65625
vt 0.875 0.65625
vt 0.875 0.53125
vt 0.21875 0.15625
vt 0.21875 0.3125
vt 0.375 0.3125
vt 0.375 0.15625
vt 0.21875 0.15625
vt 0.21875 0.3125
vt 0.375 0.3125
vt 0.375 0.15625
vt 0.1562500000000001 0.15625
vt 0.1562500000000001 0.3125
vt 0.2187500000000001 0.3125
vt 0.2187500000000001 0.15625
vt 0.1562500000000001 0.15625
vt 0.1562500000000001 0.3125
vt 0.2187500000000001 0.3125
vt 0.2187500000000001 0.15625
vt 0.1562500000000001 0.15625
vt 0.1562500000000001 0.3125
vt 0.2187500000000001 0.3125
vt 0.2187500000000001 0.15625
vt 0.2187500000000001 0.15625
vt 0.2187500000000001 0.3125
vt 0.1562500000000001 0.3125
vt 0.1562500000000001 0.15625
vt 0.40625 0.15625
vt 0.40625 0.1875
vt 0.4375 0.1875
vt 0.4375 0.15625
vt 0.03125 0.9375
vt 0.03125 0.96875
vt 0.0625 0.96875
vt 0.0625 0.9375
vt 0.4375 0.15625
vt 0.40625 0.15625
vt 0.40625 0.3125
vt 0.4375 0.3125
vt 0.4375 0.3125
vt 0.40625 0.3125
vt 0.40625 0.15625
vt 0.4375 0.15625
vt 0.4375 0.15625
vt 0.40625 0.15625
vt 0.40625 0.3125
vt 0.4375 0.3125
vt 0.4375 0.15625
vt 0.40625 0.15625
vt 0.40625 0.1875
vt 0.4375 0.1875
vt 0.4375 0.3125
vt 0.40625 0.3125
vt 0.40625 0.15625
vt 0.4375 0.15625
vt 0.4375 0.3125
vt 0.40625 0.3125
vt 0.40625 0.15625
vt 0.4375 0.15625
vt 0.4375 0.15625
vt 0.40625 0.15625
vt 0.40625 0.3125
vt 0.4375 0.3125
vt 0.375 0.3125
vt 0.375 0.21875
vt 0.40625 0.21875
vt 0.40625 0.3125
vt 0.375 0.3125
vt 0.375 0.21875
vt 0.40625 0.21875
vt 0.40625 0.3125
vt 0.375 0.3125
vt 0.375 0.21875
vt 0.40625 0.21875
vt 0.40625 0.3125
vt 0.75 0.5625
vt 0.75 0.65625
vt 0.71875 0.65625
vt 0.71875 0.5625
vt 0.6875 0.5625
vt 0.6875 0.65625
vt 0.65625 0.65625
vt 0.65625 0.5625
vt 0.65625 0.625
vt 0.65625 0.65625
vt 0.625 0.65625
vt 0.625 0.625
vt 0.65625 0.5625
vt 0.65625 0.65625
vt 0.625 0.65625
vt 0.625 0.5625
vt 0.71875 0.5625
vt 0.71875 0.65625
vt 0.6875 0.65625
vt 0.6875 0.5625
vt 0.5625 0.5625
vt 0.5625 0.65625
vt 0.53125 0.65625
vt 0.53125 0.5625
vt 0.625 0.5625
vt 0.625 0.65625
vt 0.59375 0.65625
vt 0.59375 0.5625
vt 0.53125 0.625
vt 0.53125 0.65625
vt 0.5 0.65625
vt 0.5 0.625
vt 0.59375 0.5625
vt 0.59375 0.65625
vt 0.5625 0.65625
vt 0.5625 0.5625
vt 0.53125 0.5625
vt 0.53125 0.65625
vt 0.5 0.65625
vt 0.5 0.5625
vt 0.1875 0
vt 0.1875 0.09375
vt 0.15625 0.09375
vt 0.15625 0
vt 0.15625 0
vt 0.15625 0.09375
vt 0.125 0.09375
vt 0.125 0
vt 0.125 0.0625
vt 0.125 0.09375
vt 0.09375 0.09375
vt 0.09375 0.0625
vt 0.1875 0
vt 0.1875 0.09375
vt 0.15625 0.09375
vt 0.15625 0
vt 0.125 0
vt 0.125 0.09375
vt 0.09375 0.09375
vt 0.09375 0
vt 0.09375 0
vt 0.09375 0.09375
vt 0 0.09375
vt 0 0
vt 0.09375 0
vt 0.09375 0.09375
vt 0 0.09375
vt 0 0
vt 0.09375 0
vt 0.09375 0.09375
vt 0 0.09375
vt 0 0
vt 0.09375 0
vt 0.09375 0.09375
vt 0 0.09375
vt 0 0
vt 0.09375 0
vt 0.09375 0.09375
vt 0 0.09375
vt 0 0
vt 0.09375 0
vt 0.09375 0.09375
vt 0 0.09375
vt 0 0
vn 1 0 0
vn -1 0 0
vn 0 0.9914448613738104 -0.13052619222005157
vn 0 -0.9914448613738104 0.13052619222005157
vn 0 0.13052619222005157 0.9914448613738104
vn 0 -0.13052619222005157 -0.9914448613738104
vn 1 0 0
vn -1 0 0
vn 0 0.9914448613738108 -0.13052619222004985
vn 0 0.13052619222004985 0.9914448613738108
vn 0 -0.13052619222005157 -0.9914448613738104
vn 0.9848077530122081 0.17101007166283436 -0.030153689607045907
vn -0.9848077530122081 -0.17101007166283433 0.030153689607045897
vn 0.1736481776669304 -0.9698463103929542 0.17101007166283427
vn 5.868321701590113e-16 0.1736481776669305 0.9848077530122081
vn 2.2204460492503136e-16 -0.1736481776669301 -0.9848077530122081
vn 0.9848077530122082 0.1710100716628345 0.030153689607044915
vn -0.984807753012208 -0.17101007166283477 -0.03015368960704494
vn 0.1736481776669303 -0.9698463103929542 -0.17101007166283502
vn -1.427429603089487e-15 0.17364817766692972 -0.9848077530122082
vn 5.551115123125783e-16 -0.1736481776669304 0.9848077530122082
vn -0.9848077530122081 0.17101007166283436 -0.03015368960704579
vn 0.9848077530122082 -0.17101007166283452 0.03015368960704598
vn -0.1736481776669305 -0.9698463103929543 0.17101007166283336
vn 2.7359067392548497e-16 0.17364817766693033 0.9848077530122081
vn -2.686343211369798e-16 -0.17364817766693008 -0.9848077530122081
vn -0.9848077530122082 0.17101007166283433 0.03015368960704562
vn 0.984807753012208 -0.1710100716628345 -0.03015368960704669
vn -0.17364817766693055 -0.9698463103929542 -0.17101007166283405
vn 1.395708945243054e-15 0.17364817766692967 -0.9848077530122082
vn -2.537652627714641e-16 -0.17364817766693041 0.9848077530122081
vn 1 0 0
vn -1 0 0
vn 1.665334536937735e-16 1 -8.326672684688674e-17
vn -5.5511151231257815e-17 -1 2.7755575615628914e-17
vn 0 4.996003610813204e-16 1
vn 1.3183898417423734e-16 -4.440892098500626e-16 -1
vn 1 0 0
vn -1 0 0
vn 0 1 1.6653345369377348e-16
vn 0 -1 -5.551115123125783e-17
vn 0 -1.3877787807814457e-16 1
vn 0 -1.6653345369377348e-16 -1
vn 1 0 0
vn -1 0 0
vn 0 -1.4710455076283324e-15 1
vn 0 1.4710455076283324e-15 -1
vn 0.7071067811865485 0.7071067811865466 -3.7470027081099033e-16
vn -0.7071067811865485 0.7071067811865467 -3.7470027081099033e-16
vn 0 1 -4.996003610813204e-16
vn 0 0.7071067811865467 0.7071067811865485
vn 0 0.7071067811865467 -0.7071067811865485
vn 1 0 0
vn -1 0 0
vn 0 -1.4710455076283324e-15 1
vn 0 1.4710455076283324e-15 -1
vn 0.7071067811865485 0.7071067811865466 -3.7470027081099033e-16
vn -0.7071067811865485 0.7071067811865467 -3.7470027081099033e-16
vn 0 1 -4.996003610813204e-16
vn 0 0.7071067811865467 0.7071067811865485
vn 0 0.7071067811865467 -0.7071067811865485
vn 1 0 0
vn -1 0 0
vn 0 1 -4.996003610813204e-16
vn 0 -1 -1.2490009027033011e-15
vn 0 -4.440892098500626e-16 -1
vn 1 0 0
vn -1 0 0
vn 0 1 1.3877787807814457e-16
vn 0 -1 -1.6653345369377348e-16
vn 0 -5.828670879282072e-16 1
vn 0 1.6653345369377348e-16 -1
vn 0.9876883405951378 0.15643446504023087 -5.551115123125783e-17
vn -0.9876883405951379 -0.15643446504023079 6.591949208711868e-17
vn 1.480297366166875e-16 1.942890293094024e-16 1
vn 1.480297366166875e-16 2.7755575615628914e-17 -1
vn 1 0 0
vn -1 0 0
vn 0 1 5.551115123125783e-17
vn 0 -1 0
vn 0 4.718447854656915e-16 -1
vn 0.5735764363510462 -0.8191520442889919 -3.0531133177191805e-16
vn -0.5735764363510462 0.8191520442889919 4.440892098500627e-16
vn 0.8191520442889918 0.5735764363510462 2.3592239273284576e-16
vn -0.8191520442889917 -0.5735764363510463 -2.636779683484747e-16
vn -4.618527782440652e-16 -5.551115123125783e-17 1
vn -7.327471962526036e-17 -1.1102230246251568e-16 -1
vn 0.5735764363510456 -0.8191520442889924 3.3306690738754706e-16
vn -0.5735764363510459 0.819152044288992 4.3021142204224816e-16
vn 0.8191520442889916 0.5735764363510464 -2.220446049250313e-16
vn -0.819152044288989 -0.5735764363510502 1.3877787807814457e-17
vn 0 2.220446049250313e-16 1
vn 5.273559366969487e-16 -4.163336342344337e-16 -1
vn 0.8191520442889928 0.5735764363510446 9.71445146547012e-17
vn -0.8191520442889884 -0.5735764363510509 2.498001805406602e-16
vn -5.921189464667516e-16 3.885780586188048e-16 1
vn 3.3306690738754686e-16 -5.551115123125783e-16 -1
vn 0.5735764363510462 -0.8191520442889918 3.191891195797325e-16
vn -0.5735764363510462 0.8191520442889918 3.469446951953614e-16
vn 0.8191520442889918 0.5735764363510464 -2.6367796834847473e-16
vn -0.8191520442889918 -0.5735764363510464 -2.6367796834847473e-16
vn -2.2204460492503175e-16 1.1102230246251565e-16 1
vn -1.1102230246251563e-16 2.498001805406602e-16 -1
vn 0.5735764363510462 -0.819152044288992 5.551115123125784e-17
vn -0.573576436351045 0.8191520442889926 -9.71445146547012e-17
vn 0.8191520442889908 0.5735764363510478 -4.163336342344338e-17
vn -0.819152044288992 -0.573576436351046 4.163336342344338e-17
vn 3.3306690738754775e-16 -5.828670879282072e-16 1
vn -8.326672684688701e-17 2.498001805406602e-16 -1
vn 0.5735764363510496 -0.8191520442889894 1.734723475976807e-15
vn -0.5735764363510452 0.8191520442889926 -1.7902346272080653e-15
vn 0.8191520442889919 0.5735764363510459 -1.2490009027033011e-15
vn -5.107025913275714e-16 -4.163336342344336e-16 -1
vn -0.8191520442889918 -0.5735764363510463 1.1657341758564146e-15
vn 0.5735764363510459 -0.819152044288992 1.762479051592436e-15
vn 0.819152044288992 0.5735764363510462 -1.2490009027033013e-15
vn -0.8191520442889917 -0.5735764363510462 1.2628786905111156e-15
vn 2.1094237467877963e-16 1.1102230246251565e-16 -1
vn 0.5735764363510452 -0.8191520442889926 1.7902346272080653e-15
vn -0.5735764363510468 0.8191520442889915 -1.6930901125533641e-15
vn 2.1279274638648756e-16 -1.387778780781446e-16 -1
vn 0.6830127018922196 -0.5232233568303125 0.5096380754232455
vn -0.6830127018922191 0.5232233568303127 -0.5096380754232458
vn 0.183012701892219 0.798081588115435 0.5740837305282698
vn -0.7071067811865486 -0.29883623873011883 0.6408563820557879
vn 0.7071067811865479 0.2988362387301194 -0.6408563820557884
vn 0.5880183863281627 -0.41854610930874125 -0.6921369313384014
vn -0.5880183863281616 0.4185461093087423 0.6921369313384016
vn 0.15755905175128115 0.8985869092162762 -0.40953230861114903
vn 0.7933533402912349 0.13176008867505537 0.594331352429839
vn -0.7933533402912345 -0.1317600886750565 -0.5943313524298395
vn 0.8681627791959899 0.386031958507066 0.31188574162647065
vn -0.8681627791959906 -0.3860319585070664 -0.3118857416264691
vn -0.31598541012516274 0.9145694417374135 -0.2524201989305704
vn -0.3826834323650894 0.12059047744873985 0.9159756150367536
vn 0.3826834323650917 -0.12059047744873913 -0.9159756150367528
vn 1 0 0
vn -1 5.921189464667494e-16 -2.9582283945787943e-31
vn -7.401486830834383e-17 1 -4.163336342344337e-16
vn 5.921189464667506e-16 -1 1.1102230246251565e-16
vn 0 -6.38378239159465e-16 1
vn 5.921189464667503e-16 1.1102230246251565e-16 -1
usemtl m_0
f 4/1/1 2/2/1 1/3/1 3/4/1
f 7/5/2 5/6/2 6/7/2 8/8/2
f 1/9/3 2/10/3 6/11/3 5/12/3
f 4/13/4 3/14/4 7/15/4 8/16/4
f 3/17/5 1/18/5 5/19/5 7/20/5
f 8/21/6 6/22/6 2/23/6 4/24/6
f 12/25/7 10/26/7 9/27/7 11/28/7
f 15/29/8 13/30/8 14/31/8 16/32/8
f 9/33/9 10/34/9 14/35/9 13/36/9
f 11/37/10 9/38/10 13/39/10 15/40/10
f 16/41/11 14/42/11 10/43/11 12/44/11
f 20/45/12 18/46/12 17/47/12 19/48/12
f 23/49/13 21/50/13 22/51/13 24/52/13
f 20/53/14 19/54/14 23/55/14 24/56/14
f 19/57/15 17/58/15 21/59/15 23/60/15
f 24/61/16 22/62/16 18/63/16 20/64/16
f 25/65/17 26/66/17 28/67/17 27/68/17
f 30/69/18 29/70/18 31/71/18 32/72/18
f 31/73/19 27/74/19 28/75/19 32/76/19
f 29/77/20 25/78/20 27/79/20 31/80/20
f 26/81/21 30/82/21 32/83/21 28/84/21
f 33/85/22 34/86/22 36/87/22 35/88/22
f 38/89/23 37/90/23 39/91/23 40/92/23
f 39/93/24 35/94/24 36/95/24 40/96/24
f 37/97/25 33/98/25 35/99/25 39/100/25
f 34/101/26 38/102/26 40/103/26 36/104/26
f 44/105/27 42/106/27 41/107/27 43/108/27
f 47/109/28 45/110/28 46/111/28 48/112/28
f 44/113/29 43/114/29 47/115/29 48/116/29
f 43/117/30 41/118/30 45/119/30 47/120/30
f 48/121/31 46/122/31 42/123/31 44/124/31
f 52/125/32 50/126/32 49/127/32 51/128/32
f 55/129/33 53/130/33 54/131/33 56/132/33
f 49/133/34 50/134/34 54/135/34 53/136/34
f 52/137/35 51/138/35 55/139/35 56/140/35
f 51/141/36 49/142/36 53/143/36 55/144/36
f 56/145/37 54/146/37 50/147/37 52/148/37
f 60/149/38 58/150/38 57/151/38 59/152/38
f 63/153/39 61/154/39 62/155/39 64/156/39
f 57/157/40 58/158/40 62/159/40 61/160/40
f 60/161/41 59/162/41 63/163/41 64/164/41
f 59/165/42 57/166/42 61/167/42 63/168/42
f 64/169/43 62/170/43 58/171/43 60/172/43
f 68/173/44 66/174/44 65/175/44 67/176/44
f 71/177/45 69/178/45 70/179/45 72/180/45
f 67/181/46 65/182/46 69/183/46 71/184/46
f 72/185/47 70/186/47 66/187/47 68/188/47
f 74/189/48 73/190/48 75/191/48 76/192/48
f 79/193/49 77/194/49 78/195/49 80/196/49
f 77/197/50 73/198/50 74/199/50 78/200/50
f 75/201/51 73/202/51 77/203/51 79/204/51
f 78/205/52 74/206/52 76/207/52 80/208/52
f 84/209/53 82/210/53 81/211/53 83/212/53
f 87/213/54 85/214/54 86/215/54 88/216/54
f 83/217/55 81/218/55 85/219/55 87/220/55
f 88/221/56 86/222/56 82/223/56 84/224/56
f 90/225/57 89/226/57 91/227/57 92/228/57
f 95/229/58 93/230/58 94/231/58 96/232/58
f 93/233/59 89/234/59 90/235/59 94/236/59
f 91/237/60 89/238/60 93/239/60 95/240/60
f 94/241/61 90/242/61 92/243/61 96/244/61
f 100/245/62 98/246/62 97/247/62 99/248/62
f 103/249/63 101/250/63 102/251/63 104/252/63
f 97/253/64 98/254/64 102/255/64 101/256/64
f 100/257/65 99/258/65 103/259/65 104/260/65
f 104/261/66 102/262/66 98/263/66 100/264/66
f 108/265/67 106/266/67 105/267/67 107/268/67
f 111/269/68 109/270/68 110/271/68 112/272/68
f 105/273/69 106/274/69 110/275/69 109/276/69
f 108/277/70 107/278/70 111/279/70 112/280/70
f 107/281/71 105/282/71 109/283/71 111/284/71
f 112/285/72 110/286/72 106/287/72 108/288/72
f 116/289/73 114/290/73 113/291/73 115/292/73
f 119/293/74 117/294/74 118/295/74 120/296/74
f 115/297/75 113/298/75 117/299/75 119/300/75
f 120/301/76 118/302/76 114/303/76 116/304/76
f 124/305/77 122/306/77 121/307/77 123/308/77
f 127/309/78 125/310/78 126/311/78 128/312/78
f 121/313/79 122/314/79 126/315/79 125/316/79
f 124/317/80 123/318/80 127/319/80 128/320/80
f 128/321/81 126/322/81 122/323/81 124/324/81
f 132/325/82 130/326/82 129/327/82 131/328/82
f 135/329/83 133/330/83 134/331/83 136/332/83
f 129/333/84 130/334/84 134/335/84 133/336/84
f 132/337/85 131/338/85 135/339/85 136/340/85
f 131/341/86 129/342/86 133/343/86 135/344/86
f 136/345/87 134/346/87 130/347/87 132/348/87
f 140/349/88 138/350/88 137/351/88 139/352/88
f 143/353/89 141/354/89 142/355/89 144/356/89
f 137/357/90 138/358/90 142/359/90 141/360/90
f 140/361/91 139/362/91 143/363/91 144/364/91
f 139/365/92 137/366/92 141/367/92 143/368/92
f 144/369/93 142/370/93 138/371/93 140/372/93
f 145/373/94 146/374/94 150/375/94 149/376/94
f 148/377/95 147/378/95 151/379/95 152/380/95
f 147/381/96 145/382/96 149/383/96 151/384/96
f 152/385/97 150/386/97 146/387/97 148/388/97
f 156/389/98 154/390/98 153/391/98 155/392/98
f 159/393/99 157/394/99 158/395/99 160/396/99
f 153/397/100 154/398/100 158/399/100 157/400/100
f 156/401/101 155/402/101 159/403/101 160/404/101
f 155/405/102 153/406/102 157/407/102 159/408/102
f 160/409/103 158/410/103 154/411/103 156/412/103
f 164/413/104 162/414/104 161/415/104 163/416/104
f 167/417/105 165/418/105 166/419/105 168/420/105
f 161/421/106 162/422/106 166/423/106 165/424/106
f 164/425/107 163/426/107 167/427/107 168/428/107
f 163/429/108 161/430/108 165/431/108 167/432/108
f 168/433/109 166/434/109 162/435/109 164/436/109
f 172/437/110 170/438/110 169/439/110 171/440/110
f 175/441/111 173/442/111 174/443/111 176/444/111
f 169/445/112 170/446/112 174/447/112 173/448/112
f 176/449/113 174/450/113 170/451/113 172/452/113
f 172/453/114 171/454/114 175/455/114 176/456/114
f 180/457/115 178/458/115 177/459/115 179/460/115
f 177/461/116 178/462/116 182/463/116 181/464/116
f 180/465/117 179/466/117 183/467/117 184/468/117
f 184/469/118 182/470/118 178/471/118 180/472/118
f 188/473/119 186/474/119 185/475/119 187/476/119
f 191/477/120 189/478/120 190/479/120 192/480/120
f 192/481/121 190/482/121 186/483/121 188/484/121
f 196/485/122 194/486/122 193/487/122 195/488/122
f 199/489/123 197/490/123 198/491/123 200/492/123
f 193/493/124 194/494/124 198/495/124 197/496/124
f 195/497/125 193/498/125 197/499/125 199/500/125
f 200/501/126 198/502/126 194/503/126 196/504/126
f 204/505/127 202/506/127 201/507/127 203/508/127
f 207/509/128 205/510/128 206/511/128 208/512/128
f 201/513/129 202/514/129 206/515/129 205/516/129
f 203/517/130 201/518/130 205/519/130 207/520/130
f 208/521/131 206/522/131 202/523/131 204/524/131
f 212/525/132 210/526/132 209/527/132 211/528/132
f 215/529/133 213/530/133 214/531/133 216/532/133
f 209/533/134 210/534/134 214/535/134 213/536/134
f 211/537/135 209/538/135 213/539/135 215/540/135
f 216/541/136 214/542/136 210/543/136 212/544/136
f 220/545/137 218/546/137 217/547/137 219/548/137
f 223/549/138 221/550/138 222/551/138 224/552/138
f 217/553/139 218/554/139 222/555/139 221/556/139
f 220/557/140 219/558/140 223/559/140 224/560/140
f 219/561/141 217/562/141 221/563/141 223/564/141
f 224/565/142 222/566/142 218/567/142 220/568/142